1.000000000000000000e+00 -2.856881460000000464e-04 -7.863607320000000562e-04 -1.402540330000000062e-03 -3.150886319999999900e-03 -5.632810100000000715e-03
1.100000000000000089e+00 -2.734258090000000118e-04 -7.678702700000000379e-04 -1.381507310000000197e-03 -2.962637570000000494e-03 -5.042425209999999713e-03
1.199999999999999956e+00 -3.212747240000000080e-04 -7.146559530000000078e-04 -1.347950020000000023e-03 -2.879879479999999936e-03 -4.798197580000000857e-03
1.300000000000000044e+00 -2.515913919999999623e-04 -7.178750774999999957e-04 -1.232472090000000155e-03 -2.794311010000000237e-03 -4.523916240000000130e-03
1.399999999999999911e+00 -2.664710639999999650e-04 -7.550175580000000183e-04 -1.335341739999999951e-03 -2.647329869999999908e-03 -4.095461279999999642e-03
1.500000000000000000e+00 -2.812828770000000140e-04 -7.214249195000000357e-04 -1.252193470000000043e-03 -2.553691240000000202e-03 -4.002464699999999653e-03
1.600000000000000089e+00 -3.044744199999999471e-04 -6.927599874999999970e-04 -1.220672730000000022e-03 -2.425378370000000425e-03 -3.832027829999999722e-03
1.699999999999999956e+00 -2.925389619999999610e-04 -7.009877265000000537e-04 -1.179721890000000025e-03 -2.358152919999999438e-03 -3.537696529999999947e-03
1.800000000000000044e+00 -2.831715430000000290e-04 -6.792579010000000372e-04 -1.253944989999999839e-03 -2.252798830000000019e-03 -3.412856809999999935e-03
1.899999999999999911e+00 -2.865729090000000202e-04 -6.615356404999999220e-04 -1.139226849999999984e-03 -2.272329479999999832e-03 -3.291937089999999629e-03
2.000000000000000000e+00 -3.095136370000000324e-04 -6.748235699999999586e-04 -1.131463660000000052e-03 -2.102895000000000025e-03 -3.041039589999999532e-03
2.100000000000000089e+00 -2.941256810000000507e-04 -6.582969299999999165e-04 -1.127386139999999844e-03 -2.091828190000000112e-03 -2.946047760000000248e-03
2.200000000000000178e+00 -2.787377250000000147e-04 -6.241079019999999124e-04 -1.127782319999999939e-03 -2.095693420000000091e-03 -2.927983899999999327e-03
2.299999999999999822e+00 -2.678762066000000826e-04 -6.267326769999997504e-04 -1.009476953000000132e-03 -1.987448880000000119e-03 -2.730090329999999670e-03
2.399999999999999911e+00 -2.615411258000000373e-04 -6.260244075000000880e-04 -1.016323642999999999e-03 -1.918245359999999925e-03 -2.540401030000000171e-03
2.500000000000000000e+00 -2.552060450000000463e-04 -5.899398994999999202e-04 -1.054255600000000024e-03 -1.934033650000000371e-03 -2.422046930000000368e-03
2.600000000000000089e+00 -2.531698286000000570e-04 -5.850164519999999802e-04 -9.958739349999999341e-04 -1.804466949999999903e-03 -2.420487349999999715e-03
2.700000000000000178e+00 -2.511336122000000135e-04 -5.972169120000000650e-04 -8.859009169999999258e-04 -1.683307320000000011e-03 -2.268397539999999699e-03
2.799999999999999822e+00 -2.542710632000000077e-04 -6.094173720000000414e-04 -1.038567371999999820e-03 -1.790104840000000157e-03 -2.234932900000000111e-03
2.899999999999999911e+00 -2.625821815999999855e-04 -6.143003560000000109e-04 -9.257757389999999665e-04 -1.689037789999999883e-03 -2.107324729999999948e-03
3.000000000000000000e+00 -2.708933000000000174e-04 -6.191833399999999805e-04 -8.971632569999999241e-04 -1.744467659999999727e-03 -2.148908200000000223e-03
3.100000000000000089e+00 -2.786755024000000039e-04 -6.087845713999998163e-04 -9.235889489999999291e-04 -1.652240730000000034e-03 -2.047072371999999855e-03
3.200000000000000178e+00 -2.864577047999999904e-04 -5.831040501999998436e-04 -9.604685810000000842e-04 -1.579594057999999905e-03 -1.945236543999999705e-03
3.450000000000000178e+00 -2.483419987999999686e-04 -5.628260849999999803e-04 -7.997411919999999636e-04 -1.446447877999999972e-03 -1.811573517999999798e-03
3.700000000000000178e+00 -2.633840418000000095e-04 -5.892553848000000325e-04 -8.848519000000000653e-04 -1.398090755999999851e-03 -1.675497071999999680e-03
3.950000000000000178e+00 -2.318069643999999454e-04 -5.360510827999997747e-04 -8.168338679999999916e-04 -1.324084591999999698e-03 -1.632498553999999760e-03
4.200000000000000178e+00 -2.460050222000000173e-04 -5.004889488000000431e-04 -7.815788449999999882e-04 -1.229750161999999944e-03 -1.645058273999999796e-03
4.450000000000000178e+00 -2.756160361999999866e-04 -4.922036265999999447e-04 -8.624358380000000587e-04 -1.196806529999999962e-03 -1.483027575999999910e-03
4.700000000000000178e+00 -2.489912833999999753e-04 -4.773050227999999775e-04 -7.429733340000000373e-04 -1.153551249999999707e-03 -1.412526369999999925e-03
4.950000000000000178e+00 -2.083075888999999688e-04 -4.691265958000000419e-04 -6.946807749999998676e-04 -1.094884076799999698e-03 -1.265314405999999918e-03
5.200000000000000178e+00 -2.103115908000000131e-04 -4.670956155000000336e-04 -7.387864230000000011e-04 -1.042589178600000039e-03 -1.211243594000000097e-03
5.700000000000000178e+00 -2.303357459999999968e-04 -4.620608210000000035e-04 -6.756014220000000061e-04 -1.002188421599999914e-03 -1.119655978399999906e-03
6.200000000000000178e+00 -2.141607180000000001e-04 -4.525430668000000141e-04 -6.068466289999999499e-04 -9.050605962000000254e-04 -9.803398030000000374e-04
6.700000000000000178e+00 -1.949363614000000058e-04 -4.541050798999999769e-04 -6.624518190000000788e-04 -9.181748201999999403e-04 -9.035220649999999845e-04
7.200000000000000178e+00 -2.266422937999999971e-04 -4.169102620000000284e-04 -4.818309470000000511e-04 -8.645519449999998799e-04 -8.311026157999999806e-04
7.700000000000000178e+00 -2.223553947999999919e-04 -4.143308194999999498e-04 -5.327844929999999953e-04 -7.296517724000001854e-04 -7.760723932000000583e-04
8.199999999999999289e+00 -1.992453389999999946e-04 -3.452868800000002112e-04 -5.196794820000000216e-04 -7.902594334000002116e-04 -8.136430956000001002e-04
8.699999999999999289e+00 -1.994348522000000091e-04 -3.171825793999998207e-04 -4.991685580000000764e-04 -7.567901876000000111e-04 -7.945466346000000773e-04
9.199999999999999289e+00 -2.009331357999999976e-04 -3.508282140000000353e-04 -5.547208310000000149e-04 -6.671711802000001440e-04 -8.202453665999998597e-04
9.699999999999999289e+00 -2.101878002999999883e-04 -3.344778889999999879e-04 -4.094781249999999463e-04 -6.104557555999999769e-04 -7.732077208000003466e-04
1.019999999999999929e+01 -2.108929402000000075e-04 -3.166207790000000188e-04 -4.047398580000000296e-04 -6.354504907000000247e-04 -6.140805098000000958e-04
1.119999999999999929e+01 -1.876244164000000160e-04 -3.206567597499999467e-04 -3.892131629999999605e-04 -5.640487269999999590e-04 -5.451966792000000235e-04
1.219999999999999929e+01 -1.708602194000000401e-04 -3.026886690500000935e-04 -3.863871160000000504e-04 -4.743403238999999898e-04 -5.519865196000002571e-04
1.319999999999999929e+01 -1.667312939999999772e-04 -2.630651125500000709e-04 -3.327099889999999942e-04 -4.103412395999999902e-04 -3.722773540000000087e-04
1.419999999999999929e+01 -1.620821896000000314e-04 -2.455085704500000300e-04 -4.030907569999999480e-04 -3.880735831999999668e-04 -3.573040506000000672e-04
1.519999999999999929e+01 -1.363570545999999591e-04 -2.502045134499999296e-04 -3.083711580000000115e-04 -4.248555530000000914e-04 -3.203610130000000746e-04
1.619999999999999929e+01 -1.626609870000000045e-04 -2.574877372499999643e-04 -3.033733460000000376e-04 -3.642020570999999606e-04 -2.696342753999999924e-04
1.719999999999999929e+01 -1.530014613999999883e-04 -1.818135728500001717e-04 -3.032598150000000549e-04 -3.665165949000001914e-04 -2.615622590000000634e-04
1.819999999999999929e+01 -1.423181503999999917e-04 -1.565301493499999716e-04 -3.081130689999999912e-04 -2.929863250000000192e-04 -1.967036028000000237e-04
1.919999999999999929e+01 -1.502690379599999919e-04 -2.010991397999999119e-04 -1.869692000000000055e-04 -2.611734468000000077e-04 -1.608518349600000341e-04
2.019999999999999929e+01 -1.450006077599999880e-04 -2.160436729200000141e-04 -2.480176330000000802e-04 -2.563564721200000058e-04 -1.332839874079999999e-04
2.519999999999999929e+01 -1.163818571039999794e-04 -1.801184183699999926e-04 -2.088553490000000202e-04 -2.201440080799999921e-04 -2.502437901640000226e-04
3.019999999999999929e+01 -9.013846116399999611e-05 -1.281336450550000030e-04 -1.766331289999999870e-04 -1.770984632780000460e-04 -7.604510366480000515e-05
3.520000000000000284e+01 -8.513400707999997240e-05 -1.071641990629999900e-04 -1.134339841999999911e-04 -1.089509723239999933e-04 -4.196976891199993219e-05
4.020000000000000284e+01 -6.723335010400001541e-05 -8.947631381700002333e-05 -1.100891647000000126e-04 -8.039533539000001173e-05 6.401855836879995014e-05
4.520000000000000284e+01 -9.084438888399999363e-05 -8.245170604679993756e-05 -5.726925248000001129e-05 -1.122226034300000027e-04 -3.557566567471997414e-05
5.020000000000000284e+01 -7.797078854399996754e-05 -3.597753441820002597e-05 -9.743019080000000663e-05 -7.476089296400000733e-05 -8.815629532800319831e-07
5.520000000000000284e+01 -4.734355840399999795e-05 -6.112728735700001081e-05 -7.566681479999998964e-05 -1.144191867627999851e-04 -5.143261382879996173e-05
6.020000000000000284e+01 -4.146160052399999513e-05 -6.754096009500001007e-05 -3.646210413000001165e-06 -1.865106744997999680e-05 4.743020400799971418e-06
6.520000000000000284e+01 -4.272224646400000152e-05 -6.127029665239995234e-05 -5.678202980000000507e-05 -7.938871486220047758e-06 -3.592217668799991008e-05
7.020000000000000284e+01 -4.613743895999999710e-05 -3.306154580560003071e-05 -4.211529785999999667e-05 -3.591502641400004016e-05 1.119903933691999829e-04
7.520000000000000284e+01 -3.530136040959998430e-05 -4.857458533169995178e-05 -9.731609380000000873e-05 -5.539688827549395461e-05 1.089940068819999548e-04
8.020000000000000284e+01 -1.492217909927999493e-05 -1.315267187690000927e-05 2.827179540000000204e-05 -2.934766096120600644e-05 2.469733523680010242e-05
8.520000000000000284e+01 -1.095238832532000762e-05 -2.073000711690000186e-05 -9.049353490000000100e-05 -3.420423850499996999e-05 1.903436621639999183e-04
9.020000000000000284e+01 -2.094264427240000084e-05 -2.267741491650001904e-05 5.049791143000000249e-05 -1.454683257180004029e-05 5.820699477519992223e-05
9.520000000000000284e+01 -2.002739625959999915e-05 -3.282881023810997444e-05 -1.736530024300000098e-06 -3.702046345947993520e-05 -7.239360506719991239e-05
1.002000000000000028e+02 -2.067876793031999850e-05 -1.104324569352800312e-05 -1.496795641000000058e-05 -1.933837097144035638e-06 7.451056698639999920e-05
1.252000000000000028e+02 -1.822876841544000074e-05 -1.861352846150999808e-05 -5.686215210000000622e-05 -1.098468841752399595e-04 6.790468392343999545e-05
1.501999999999999886e+02 -1.559246203248002005e-05 7.843795446700015103e-06 -6.994534969999999280e-06 1.725549203723998902e-05 4.352464077615998217e-05
1.751999999999999886e+02 2.042218698907201138e-05 -9.494526929859980761e-06 2.203822607999999484e-05 6.379838408400002544e-05 8.227631515080003829e-05
2.001999999999999886e+02 -1.842642919272008209e-06 -2.768046396101005890e-05 1.412411021000000160e-04 -8.432728287048000398e-05 -4.078658332432001177e-05
2.251999999999999886e+02 1.604008283327999505e-05 4.097850130675002417e-05 5.909257775999999455e-05 -4.213721010193881706e-05 -1.402240008848003993e-05
2.501999999999999886e+02 2.520415688080001869e-05 1.782786656050002033e-05 1.000429829000000129e-04 1.851914019051882437e-05 7.131831671552004532e-05
2.751999999999999886e+02 -1.476868531624001551e-05 -4.443942117762046874e-06 -1.419240018999999990e-05 -8.019603618836005049e-05 -3.870699309723122516e-05
3.001999999999999886e+02 2.168427985232000929e-05 4.315610790006204549e-05 -3.404736790000000459e-06 -5.269003422236009254e-05 8.272348659171217534e-06
3.251999999999999886e+02 7.801006730272005144e-06 -7.754288538090014355e-06 8.511970210000000133e-05 1.860050928357603994e-05 -3.177340631280003763e-05
3.501999999999999886e+02 -3.873098419232007097e-06 8.339195424569983769e-06 1.998161616899999908e-05 -8.175828701755980679e-06 4.487328703344004141e-05
3.751999999999999886e+02 9.966479281008002673e-06 2.363005316540005998e-05 8.179078839999999652e-06 -2.227155384743596226e-05 -4.272383570424000582e-05
4.001999999999999886e+02 2.229914772471981833e-06 -4.474705946646008020e-05 3.054661915000000266e-05 -5.148781341946399100e-05 -3.761264199304001962e-05
4.251999999999999886e+02 3.892457672032002792e-05 3.576706076745997766e-05 4.810760460000000058e-05 -6.374816624520003366e-05 1.180375942287203391e-05
4.501999999999999886e+02 -3.369378907599991254e-06 5.714836477776002945e-05 -1.947421670000000238e-05 -4.020019778704008394e-05 -6.287919814347202676e-05
4.751999999999999886e+02 -1.905556614808001217e-05 1.705040538428002602e-05 7.340962329999999362e-05 2.274433577036001020e-05 1.046776674240025168e-06
5.001999999999999886e+02 1.092930733487999634e-05 -8.554733121040013617e-06 4.229735204000000063e-05 1.517099052894004780e-05 -5.297412420888002280e-05
5.502000000000000455e+02 2.951662291839999091e-05 2.246717761397995424e-05 3.380132644000000131e-05 -5.348708834739993685e-05 4.267127346612000014e-05
6.002000000000000455e+02 2.193493086615998567e-05 -3.100850833670003995e-06 1.240705962000000100e-04 7.012372965749996744e-05 4.711619652107989386e-05
6.502000000000000455e+02 7.541295329360012303e-06 -5.032387105989931224e-06 7.700353920000000557e-05 3.841008826720004883e-06 -6.537656282607995036e-05
7.002000000000000455e+02 2.116589430543998286e-05 3.193976937119998228e-05 -2.374553105999999865e-05 1.470701396519998672e-05 -1.151747511260003960e-05
7.502000000000000455e+02 -3.196235415999753864e-07 2.560898662000989261e-05 -3.227134293000000610e-05 -1.010742541733998481e-05 -5.286231037900799347e-05
8.002000000000000455e+02 2.675816326064001303e-05 -2.990872450005993349e-05 1.263628649999999935e-04 2.210719747377999739e-05 -5.247034357791182562e-05
8.502000000000000455e+02 4.383115320119995706e-05 9.335906030800011511e-06 4.124832730000000487e-05 1.794045114668000909e-05 1.392089653911998822e-04
9.002000000000000455e+02 -4.951490590559982699e-06 1.643491413286001711e-05 5.448491603000001082e-05 3.978734590259398615e-05 2.945760933752004617e-05
9.502000000000000455e+02 1.443431924697598668e-05 2.519218675756992792e-05 8.037560569000000183e-05 1.061708559466600719e-05 7.520792405007999733e-05
1.000200000000000045e+03 3.755294526048001052e-07 -1.353964243630198686e-05 1.895556820000000094e-05 2.493219835672799632e-05 5.797605375509599137e-05
1.250200000000000045e+03 4.657084782823996951e-06 2.607830282516599498e-05 5.976227514000000127e-06 -1.065331089488036036e-06 1.960945264187999320e-05
1.500200000000000045e+03 -1.054005982851519473e-05 2.082278590560001266e-05 -3.873850734000000183e-05 -6.679931654142395425e-05 -1.780463873889599091e-05
1.750200000000000045e+03 1.580785082894720626e-05 5.547222113073397009e-05 6.706591510000000375e-05 -5.642807517584008519e-06 3.468042314024001664e-05
2.000200000000000045e+03 2.297548649574399849e-05 -3.198499096679400616e-05 3.640246834999999893e-05 -1.791516171475599368e-05 1.386095581044799626e-04
2.250199999999999818e+03 -1.293713162108803850e-05 -5.800687648251008519e-05 8.728828253999999039e-05 -4.460884397884016075e-06 -6.506226789810401804e-05
2.500199999999999818e+03 4.217401815824000738e-05 4.542667445764796320e-06 1.071965170999999872e-05 4.023311087340573152e-05 -5.413482833045604563e-05
2.750199999999999818e+03 2.029051033130559281e-05 7.521075921987250866e-06 -3.662267419999999625e-05 1.744804359150295875e-06 -6.620966998144013114e-06
3.000199999999999818e+03 3.039479450876961405e-05 -2.600160372848603108e-05 2.363299779999999682e-05 -4.429862796454801837e-05 1.022295938476802959e-05
3.250199999999999818e+03 1.232829466167520489e-05 -6.167920385550014489e-06 -2.340126819999999803e-05 1.434730229926880826e-05 -3.915983231971201494e-05
3.500199999999999818e+03 3.973966512249602030e-06 3.524932881746771002e-06 8.627787930000001368e-05 -8.463019355832822406e-06 -7.208930832521612795e-06
3.750199999999999818e+03 4.529944808639941803e-07 2.415175602344719780e-05 1.575898177354000221e-05 4.878204714280403242e-05 1.183845610568956417e-05
4.000199999999999818e+03 8.028974736431990572e-06 2.458645777769996816e-05 5.577107219999999187e-05 -2.012363457321999380e-05 5.855794513257365342e-05
4.250199999999999818e+03 2.240344371254399404e-05 4.623648955712804040e-05 -5.948889934999999337e-05 -3.634744347444023802e-05 -7.227837145421644559e-06
4.500199999999999818e+03 3.129524973772804020e-05 2.022568012961211469e-05 -7.868264540000001085e-06 7.166243929732024696e-05 5.458450073496798002e-05
4.750199999999999818e+03 -1.608066281292802225e-05 -5.803059059332017143e-05 3.929745273999999696e-05 -4.375520330965608121e-05 9.012479672507205846e-05
5.000199999999999818e+03 1.343494967394721576e-05 5.926996718494003844e-05 -4.940675999999999315e-05 -7.107252245223896222e-06 8.097435352608052859e-06
5.250199999999999818e+03 -6.610673488707215384e-06 3.282169957292015145e-05 4.847682829000000477e-05 -5.483789535280003598e-05 -6.488343558839996671e-05
5.500199999999999818e+03 1.531999016623998897e-05 -6.783593253096892491e-05 -2.717671063000000000e-05 -4.106175442247993700e-05 -1.210446631145600495e-04
5.750199999999999818e+03 3.409076415088000409e-05 -3.481347132939200615e-06 8.054207777599999821e-05 -7.338293189392034409e-05 -1.625939069848005301e-05
6.000199999999999818e+03 2.270764440362400271e-05 1.029509925514999456e-05 6.963087170000001997e-05 8.634754902542002145e-05 5.305914748540802945e-05
6.500199999999999818e+03 4.610168406535990044e-06 2.059244699471899162e-05 1.013944992999999781e-05 6.450549803704012279e-05 -8.436865492732051647e-07
7.000199999999999818e+03 3.197862521812001071e-05 3.692269321200495946e-05 5.540749980500001630e-06 -4.818832686981998874e-05 1.447114037638520450e-05
7.500199999999999818e+03 1.336450725867999082e-05 9.480242980330307382e-05 4.063498900000000303e-05 -5.843879974846807781e-05 2.962133388519966392e-06
8.000199999999999818e+03 3.812405085176000062e-05 6.103217001884788608e-07 4.556220979999999973e-05 3.163040781997012896e-06 9.169656664314004076e-05
9.000200000000000728e+03 3.498982622235598044e-05 5.592573816671331894e-05 4.572119015000001557e-06 -1.777630113497301347e-05 -1.195481777783599057e-04
1.000020000000000073e+04 2.413752311582007763e-06 -1.229067686299927912e-06 6.012570515999999686e-05 -4.432454173537997563e-05 2.430309052683598427e-05
1.200020000000000073e+04 2.283083527381800720e-05 2.925062550854899227e-05 5.743875729999997481e-06 9.072997902535796712e-05 -1.131766552540597470e-05
1.400020000000000073e+04 3.148878524115199593e-05 1.831513774501677486e-05 7.911097009999999816e-05 -2.962544951481298813e-05 6.279686719055000040e-05
1.600020000000000073e+04 2.153938403479399797e-05 5.134867395874448176e-05 2.773710242000000068e-05 5.128702716870798303e-05 4.079622503643002228e-05
1.800020000000000073e+04 1.697996588460799048e-05 2.062958756576422649e-05 2.730580641599999653e-05 -2.832530911869090775e-05 9.329701650901596759e-05
2.000020000000000073e+04 -1.789276776907198626e-05 -1.915791290389120391e-05 6.504240270000000601e-05 5.783762194953492576e-05 9.063336398999062348e-08
2.200020000000000073e+04 2.275131785505839810e-05 4.756309894125948073e-05 2.619519279299999825e-05 -5.892011220678022050e-06 -2.785268192468549892e-05
2.400020000000000073e+04 4.112691428049201876e-06 2.800008217151466529e-05 -3.632242418999999536e-05 -2.609948477896648344e-05 -2.934867544678442533e-05
3.000020000000000073e+04 1.706043720441615663e-05 1.696646771379060634e-05 1.108144154000000015e-04 1.767142498813698167e-05 2.175276611371430174e-05
3.500019999999999709e+04 1.088254518027742995e-05 3.476290493406764573e-05 1.730658525999999908e-05 -2.346196227305161718e-05 -6.077667039612920992e-05
4.000019999999999709e+04 2.919925630776800150e-05 5.413058944249274213e-06 6.489525189999997014e-06 2.069528788554281839e-05 -3.017449433865595005e-05
4.500019999999999709e+04 2.797731342636000000e-05 1.073356941102306484e-05 6.364031899999999305e-05 -4.000719733072999486e-05 -1.163229756574241162e-04
5.000019999999999709e+04 2.026085426252393197e-05 3.948647883679499754e-05 -4.006955021999999606e-06 -3.882759744304700614e-05 1.096325548820580362e-04
6.000019999999999709e+04 -1.171044137984592249e-05 4.932708344243354258e-05 7.743842369999999790e-05 7.716606149504111442e-05 3.487217245093381004e-05
7.000019999999999709e+04 -3.268472389219525769e-06 1.242404627679151642e-05 -4.078681029999998751e-06 -1.047392313645706476e-05 -1.415443814955859680e-05
8.000019999999999709e+04 1.781753430520351778e-05 -5.756680224512404837e-05 5.208947979999999865e-05 -4.698740458880907255e-05 -2.104243106455525248e-05
9.000019999999999709e+04 2.223965807666200266e-05 3.336279941075449493e-05 -2.824685530999999535e-06 3.292224404887205449e-05 1.713068677824240737e-04
1.000001999999999971e+05 1.997231974551039763e-05 4.600802769361358069e-05 2.777618000000000212e-05 -3.421217380319816246e-05 -1.099980591294036163e-04
2.000002000000000116e+05 6.169277894551040693e-05 4.622429783613575560e-06 4.782171603999999285e-05 -1.061537196319815667e-05 5.283723906059638765e-05
