1.000000000000000000e+00 -2.375794469999999994e-04 -7.279218959999999693e-04 -1.819909230000000145e-03 -3.477778649999999951e-03 -5.646803030000001333e-03
1.100000000000000089e+00 -2.466015039999999844e-04 -6.856518660000000213e-04 -1.740227459999999903e-03 -3.219019599999999818e-03 -5.248134729999999470e-03
1.199999999999999956e+00 -2.366051799999999876e-04 -6.499644000000000818e-04 -1.664337319999999914e-03 -3.073868370000000256e-03 -4.805927035000000062e-03
1.300000000000000044e+00 -2.583766509999999407e-04 -6.607876709999999489e-04 -1.626733050000000232e-03 -2.935248049999999911e-03 -4.361681289999999774e-03
1.399999999999999911e+00 -2.576199669999999862e-04 -6.678572479999999841e-04 -1.610857079999999941e-03 -2.962441049999999920e-03 -4.110423204999999816e-03
1.500000000000000000e+00 -2.372764080000000465e-04 -7.089258760000000841e-04 -1.582217859999999945e-03 -2.628184730000000108e-03 -3.907540975000000152e-03
1.600000000000000089e+00 -2.349417019999999723e-04 -6.920472739999999857e-04 -1.525312279999999987e-03 -2.605035849999999976e-03 -3.722803029999999670e-03
1.699999999999999956e+00 -2.295939960000000001e-04 -6.850987169999999326e-04 -1.490298340000000086e-03 -2.471244090000000119e-03 -3.534402974999999864e-03
1.800000000000000044e+00 -2.140467489999999787e-04 -6.477780000000000040e-04 -1.517025109999999965e-03 -2.336769140000000133e-03 -3.339961680000000117e-03
1.899999999999999911e+00 -2.354757630000000050e-04 -6.448475629999999605e-04 -1.456384929999999991e-03 -2.435234440000000073e-03 -3.215337470000000260e-03
2.000000000000000000e+00 -2.128201540000000203e-04 -5.973680499999999395e-04 -1.454419349999999883e-03 -2.180249349999999892e-03 -3.047866069999999924e-03
2.100000000000000089e+00 -1.997759519999999542e-04 -5.912236930000000371e-04 -1.405143470000000047e-03 -2.246241210000000411e-03 -2.926193469999999967e-03
2.200000000000000178e+00 -1.788477459999999910e-04 -5.545460230000000702e-04 -1.401381719999999879e-03 -2.100258969999999840e-03 -2.839442374999999984e-03
2.299999999999999822e+00 -2.188633819999999863e-04 -6.506444040000000390e-04 -1.359521239999999945e-03 -2.087581980000000233e-03 -2.747207289999999916e-03
2.399999999999999911e+00 -2.122840569999999915e-04 -6.272954700000000095e-04 -1.358895939999999868e-03 -1.987947880000000278e-03 -2.697935974999999837e-03
2.500000000000000000e+00 -1.961792869999999577e-04 -6.311817440000000359e-04 -1.296630710000000204e-03 -1.877268279999999828e-03 -2.607758134999999845e-03
2.600000000000000089e+00 -1.800745169999999509e-04 -5.434161519999999510e-04 -1.172609949999999911e-03 -1.984134100000000279e-03 -2.448906774999999765e-03
2.700000000000000178e+00 -1.773379746000000004e-04 -5.946715329999999970e-04 -1.289705520000000022e-03 -1.802265520000000034e-03 -2.318750049999999865e-03
2.799999999999999822e+00 -1.879696597999999707e-04 -5.530010129999999614e-04 -1.306587509999999810e-03 -1.837060880000000122e-03 -2.188669805000000110e-03
2.899999999999999911e+00 -1.986013449999999951e-04 -5.763446979999999314e-04 -1.254844177999999691e-03 -1.766428580000000293e-03 -2.110285697999999752e-03
3.000000000000000000e+00 -1.885856229999999614e-04 -5.519566260000000318e-04 -1.203100845999999788e-03 -1.605038820000000230e-03 -2.096201073999999932e-03
3.100000000000000089e+00 -1.785699009999999547e-04 -5.702040169999999771e-04 -1.153839055999999813e-03 -1.613600072000000120e-03 -2.082116450000000112e-03
3.350000000000000089e+00 -2.255635200000000314e-04 -5.177974580000000836e-04 -1.077781238000000011e-03 -1.564858817999999901e-03 -1.906219860000000262e-03
3.600000000000000089e+00 -2.018659755999999757e-04 -4.797427150000000318e-04 -1.130358093999999768e-03 -1.471165524000000047e-03 -1.653927750000000170e-03
3.850000000000000089e+00 -1.715036017999999843e-04 -4.833368870000000423e-04 -1.060677894000000218e-03 -1.429639541999999913e-03 -1.623788449999999644e-03
4.099999999999999645e+00 -1.798770903999999849e-04 -5.028787099999999875e-04 -1.040918663200000177e-03 -1.376846381999999921e-03 -1.548807839999999814e-03
4.349999999999999645e+00 -1.611583692000000850e-04 -4.669550920000000295e-04 -9.732577824000000896e-04 -1.376749332000000003e-03 -1.461168699999999907e-03
4.599999999999999645e+00 -1.587639622000000127e-04 -4.185787789999999937e-04 -1.014684733800000002e-03 -1.317761890000000323e-03 -1.465333260000000132e-03
4.849999999999999645e+00 -1.626885586999999992e-04 -4.650952699999999561e-04 -9.810046715000000830e-04 -1.209850002000000153e-03 -1.178043400000000065e-03
5.099999999999999645e+00 -1.720165487999999793e-04 -3.961365810000000128e-04 -9.648354440000000021e-04 -1.117129628199999957e-03 -1.182018569999999848e-03
5.599999999999999645e+00 -1.701056302000000526e-04 -4.002255919999999495e-04 -9.142429231999999600e-04 -9.878966955999999525e-04 -1.118667754499999860e-03
6.099999999999999645e+00 -1.590525610000000025e-04 -4.436704419999999813e-04 -8.058802343999999819e-04 -9.594129381999999843e-04 -9.909254964999998899e-04
6.599999999999999645e+00 -1.699808928000000492e-04 -4.071985250000000165e-04 -7.212310202000000049e-04 -9.588083394000000877e-04 -8.552360605000000789e-04
7.099999999999999645e+00 -1.653416144000000075e-04 -4.267764829999999348e-04 -7.342910582000000295e-04 -8.751836548000001097e-04 -7.591151329999999958e-04
7.599999999999999645e+00 -1.717673370000000058e-04 -3.645037580000000236e-04 -7.213607936000000515e-04 -8.969144873999999835e-04 -7.515488360000000152e-04
8.099999999999999645e+00 -1.702353380000000036e-04 -4.791570390000000272e-04 -7.297678099999998884e-04 -9.148132502000000388e-04 -7.767266484999999464e-04
8.599999999999999645e+00 -1.586554308000000073e-04 -3.568909140000000408e-04 -7.668231333999999495e-04 -8.784007802000000842e-04 -8.383760324999999219e-04
9.099999999999999645e+00 -1.611161415999999211e-04 -3.582361390000000445e-04 -7.237478318000001428e-04 -7.013349354000001507e-04 -7.971637560000000532e-04
9.599999999999999645e+00 -1.787878899999999888e-04 -4.339140130000000359e-04 -6.507996356000001230e-04 -6.252355818000000223e-04 -6.209710299999999898e-04
1.009999999999999964e+01 -1.707619225000000141e-04 -3.466965439999999564e-04 -6.255467561000000376e-04 -7.026129563000000451e-04 -5.641642617499999582e-04
1.109999999999999964e+01 -1.760169962999999689e-04 -3.517411680000000120e-04 -5.811179469000001679e-04 -6.611105171000000984e-04 -6.463414280000000624e-04
1.209999999999999964e+01 -1.613063890000000214e-04 -2.824715379999999778e-04 -4.927069843999998646e-04 -5.104338199999999999e-04 -6.124095525000000260e-04
1.309999999999999964e+01 -1.441506567000000233e-04 -2.198410819999999685e-04 -4.663269200000000987e-04 -5.581296037000001284e-04 -5.025544894999999955e-04
1.409999999999999964e+01 -1.328028302000000072e-04 -2.963705249999999724e-04 -3.871498662999997694e-04 -3.963868815000000378e-04 -3.877987957499999809e-04
1.509999999999999964e+01 -1.295061332999999882e-04 -3.429687139999999931e-04 -4.711627467000000760e-04 -4.226109968000000931e-04 -3.746383059999999700e-04
1.610000000000000142e+01 -1.517098553000000754e-04 -2.676483859999999717e-04 -3.791743971999999674e-04 -3.825088285000000955e-04 -3.817906427499998868e-04
1.710000000000000142e+01 -1.632161404000000203e-04 -2.644475430000000097e-04 -3.513980660999999842e-04 -4.462618238000000469e-04 -3.052865935000000043e-04
1.810000000000000142e+01 -1.371672580999999192e-04 -2.620862879999999581e-04 -3.731356591000000258e-04 -4.480578049999999510e-04 -2.436310682500000108e-04
1.910000000000000142e+01 -1.178182167999999657e-04 -1.524634170000000214e-04 -3.688446932000000677e-04 -4.310616655999999192e-04 -2.733681554999999909e-04
2.010000000000000142e+01 -1.168240786600000002e-04 -2.990548109999999985e-04 -3.889168124000000294e-04 -3.405703902599999892e-04 -3.790616819499999235e-04
2.510000000000000142e+01 -1.200735502479999560e-04 -2.119034219999999609e-04 -2.873266284599999354e-04 -3.124062679979999757e-04 -2.096133186999999710e-04
3.010000000000000142e+01 -5.733494034400003086e-05 -1.350200426999999942e-04 -1.841291568200000451e-04 -1.626666034819999993e-04 -2.342603035570000355e-04
3.510000000000000142e+01 -9.542440965399998510e-05 -1.221961350000000098e-04 -2.678017303199999163e-04 -2.246760699579999660e-04 -5.245322789000000306e-05
4.010000000000000142e+01 -8.833385270199997489e-05 -1.826878530000000146e-04 -1.625773772000000338e-04 -1.036297298820000606e-04 2.171728732199999912e-05
4.510000000000000142e+01 -6.845099793400001294e-05 -3.228981416999999570e-05 -2.029037971399999150e-04 -2.834665517103999261e-04 -4.449257276199999910e-05
5.010000000000000142e+01 -7.782969881799999760e-05 -1.371545492000000204e-04 -1.187516186339999995e-04 -3.398849388960002808e-05 -2.451738671299999372e-05
5.510000000000000142e+01 -5.837965645200001553e-05 -1.324117084999999912e-04 -1.097018331159999602e-04 -1.559460495319999623e-04 -1.124379976500000005e-04
6.010000000000000142e+01 -7.240488415000000566e-05 -8.361576210000000095e-05 -6.605049035600006006e-05 -1.336217719680000222e-04 1.189758571649999474e-05
6.509999999999999432e+01 -5.297143588400002123e-05 -6.575027010000000934e-05 -1.437155531340000446e-04 -2.344249053040002259e-04 -8.098185290649998630e-05
7.009999999999999432e+01 -4.856315182199997485e-05 -7.077562379999998939e-05 -7.891140231999996409e-05 -5.770976439599989936e-05 -6.773868260000000968e-05
7.509999999999999432e+01 -5.887176077999996422e-05 -7.837386907999999901e-05 -1.412347728700000238e-04 -1.381713811080000597e-04 -5.345222301100000271e-05
8.009999999999999432e+01 -6.763383082200005898e-05 -1.056104417100000044e-05 -7.879776035799998990e-05 -9.718200213652005185e-05 -3.990851556999999697e-06
8.509999999999999432e+01 -4.719865309600003493e-05 -1.313471330000000120e-04 -7.836926808600000840e-05 -6.717734642748011064e-05 3.817075832899999961e-05
9.009999999999999432e+01 -3.119090512200001225e-05 -1.005117772000000092e-05 -5.632882682599993292e-05 2.733533952400007586e-05 -6.053422187099999319e-05
9.509999999999999432e+01 -2.827900310799996321e-05 -9.785121599999999965e-05 -1.712640482600000192e-04 -4.037871983799987499e-05 -2.391057768449999780e-05
1.000999999999999943e+02 -4.139548543560000776e-05 1.248514355000000160e-05 -1.531749580672000176e-04 -1.537743430922800317e-04 4.602129284260000788e-05
1.250999999999999943e+02 -2.887335430319999837e-05 -2.535001574000000116e-05 -6.549100377748001093e-05 2.512507122988002058e-05 -6.049753810490000796e-05
1.500999999999999943e+02 -3.249325221439998835e-05 8.917379400000002729e-07 -9.385275309148000057e-05 -7.373384756556401807e-05 2.602830401223999243e-05
1.750999999999999943e+02 -5.608997377560000875e-05 -2.140343274999999696e-05 -8.493054969383998138e-05 1.663119140936403334e-05 6.172653744196000673e-05
2.000999999999999943e+02 -4.277333687240001639e-05 1.001218000000000245e-05 -1.177985504862000938e-04 -1.292855498903999853e-04 7.945006737300000792e-05
2.250999999999999943e+02 -1.703966353040000129e-05 1.005796498000000054e-05 -7.557573333399990137e-06 -1.243064727072000421e-04 -1.071090226938000123e-04
2.500999999999999943e+02 -1.375542541607999583e-05 4.153564936000000377e-05 -2.083016844919995765e-05 6.398441933414401699e-05 5.376653044299999632e-05
2.751000000000000227e+02 -2.728639105112007371e-05 -7.776083577000000174e-05 -8.553970936206397062e-05 -1.142265501414400195e-05 4.519242182679998843e-05
3.001000000000000227e+02 -6.816698555079994388e-05 9.455432719999999397e-06 -5.169423498953599848e-05 -1.505896161759994427e-05 -8.792385084499999717e-06
3.251000000000000227e+02 -4.176028878423997690e-05 -1.101912973999999879e-04 -7.915992496080001572e-05 4.824914623679985558e-05 -2.121832531049999964e-05
3.501000000000000227e+02 -3.019870636256001098e-05 -1.718098260000000074e-05 -1.370021591012000157e-04 -1.056833023683997929e-04 4.627658281010000089e-05
3.751000000000000227e+02 -3.851652150327991326e-05 -2.006059659000000123e-05 -1.279800877255999822e-04 1.099762751355998555e-04 2.536725139390000000e-05
4.001000000000000227e+02 6.327671949923995411e-06 -5.066120300000007015e-07 -5.646356814791999115e-05 -5.375559206635990405e-05 -1.208557075719999684e-04
4.251000000000000227e+02 3.589961413803998628e-06 -7.946752779999999771e-05 -2.526091331328005806e-05 5.599967736355998061e-05 9.851631919359999442e-05
4.501000000000000227e+02 1.777158266151946828e-06 1.386880871999999988e-04 -1.547447892281599382e-04 2.737115078601277810e-05 -3.490528776730000507e-05
4.751000000000000227e+02 -2.587687912332793826e-05 3.438453304700000101e-05 -7.409970359135994804e-05 -6.727842826979336435e-07 1.002188254346999836e-04
5.001000000000000227e+02 6.518727975324006507e-06 2.884767354300000276e-05 2.325999303811281167e-05 2.763174263825254621e-05 8.559401642955000232e-05
5.501000000000000227e+02 1.211345398061798134e-05 -6.225509239999999747e-05 4.545938869498718677e-05 -3.573582932699997998e-05 2.128049410144999419e-05
6.001000000000000227e+02 -6.544067587415992282e-06 5.126585759999998499e-06 3.358463832011997582e-05 1.503151152609000200e-05 4.470470719650000035e-05
6.501000000000000227e+02 2.036779950337995827e-06 7.249798600000000455e-07 1.762803551473993358e-05 1.702897899883800800e-05 5.023641022449999727e-05
7.001000000000000227e+02 -1.109784829679997279e-06 -8.917865300000002229e-06 -3.027015063675994564e-05 3.395898030909198870e-05 1.086853645674999886e-04
7.501000000000000227e+02 2.840611989620004545e-06 3.625734469999999753e-05 6.545206244319959731e-06 -6.379186472220047198e-06 3.465699762629999878e-05
8.001000000000000227e+02 8.097024048459977569e-06 7.764276859999999676e-05 -2.342272005135985285e-05 -1.059441003037999075e-04 -1.795217356979999889e-05
8.501000000000000227e+02 -1.806507868253996615e-05 -7.184338505000000211e-06 8.334719001627981043e-05 9.221401278299992752e-05 1.287364291245000219e-04
9.001000000000000227e+02 1.471949307873997893e-05 -1.045579569000000185e-05 -5.017892731495994724e-05 -5.476284083623995821e-05 -5.355711122219999752e-05
9.501000000000000227e+02 -7.357459656200018833e-06 -2.840473969999999718e-05 -9.895405139040003097e-06 2.986471777803994737e-05 7.644937658844999857e-05
1.000100000000000023e+03 -2.705710820209199921e-05 9.437573500000000757e-05 -1.249325916022001466e-05 -8.889582126516001274e-05 -1.828795742553000048e-05
1.250099999999999909e+03 -2.155028984627040676e-05 3.154176680000000336e-05 -6.821700578224802660e-05 -8.269697452056004236e-05 7.406426580629998757e-06
1.500099999999999909e+03 -6.018879441877632381e-06 4.851061809999999681e-05 1.604854595705200392e-05 4.594352063183998458e-05 8.296954350104999022e-05
1.750099999999999909e+03 3.739835486411202334e-05 1.179226131000000021e-05 -2.511942269240000723e-05 9.091009617832005059e-05 1.176818869289999976e-04
2.000099999999999909e+03 9.944638654435993558e-06 -3.851521306300000232e-05 3.993509486664001862e-05 -4.842863319355995356e-05 1.045291855258000059e-04
2.250099999999999909e+03 1.731438993958802871e-05 5.687776409999999248e-05 -8.320219688772009705e-05 -1.724391248636080939e-04 8.606247459710001323e-05
2.500099999999999909e+03 -2.256961645604802958e-05 6.662042740000000368e-05 4.189249086988340094e-06 7.137662501213643581e-05 7.868191055879999215e-05
2.750099999999999909e+03 1.447477560747760887e-05 5.960884410000000971e-05 5.802845910861178526e-05 -1.488904399532838251e-05 1.050151246294000042e-04
3.000099999999999909e+03 4.393536900014406308e-06 4.260775079999999827e-05 -1.165367577493040826e-04 -6.551671465488000698e-05 -5.919144518360000231e-05
3.250099999999999909e+03 -4.568945496544003807e-06 2.270197956299999677e-06 -3.854880468238010006e-05 -5.208466258260004448e-05 1.895889275173100283e-04
3.500099999999999909e+03 5.653618895600002140e-07 -5.647937430000000378e-05 5.378176193764416189e-05 4.858604809439204041e-05 3.890095755772000256e-05
3.750099999999999909e+03 1.536493011440035767e-07 8.157461199999999261e-06 -9.319441006007998329e-05 -3.705721281009203221e-05 6.345905987017000946e-05
4.000099999999999909e+03 -5.225427421904001235e-06 7.498264899999999157e-06 -1.003569282559561225e-04 4.844792988418001093e-05 1.962972296201000145e-04
4.250100000000000364e+03 -3.358098579684058422e-06 8.539522094999998664e-05 6.374262460159868457e-07 3.181555645092007021e-05 6.377857980189999818e-05
4.500100000000000364e+03 -2.323585135657993709e-05 -6.965764460000000542e-06 -1.686216063516082162e-05 8.209678805215994018e-05 1.784624689985599589e-04
4.750100000000000364e+03 -2.492697638870176093e-07 5.688810890000000139e-05 -4.450223807149919578e-05 3.892408456823593391e-05 1.372591126314000104e-05
5.000100000000000364e+03 7.163447687214974182e-06 -1.032251990999999944e-05 -3.720730794977596123e-05 -9.426425200482361556e-06 -3.851478610714000587e-05
5.250100000000000364e+03 -1.551190388456393483e-05 1.548025980899999835e-05 1.303304702585595749e-05 1.673769419712921644e-05 7.358361029234001020e-05
5.500100000000000364e+03 6.387561814212043918e-06 4.088464790000000293e-06 -4.511088213176157158e-05 3.124474958158512380e-05 8.993968170469999416e-05
5.750100000000000364e+03 2.118492685608750129e-05 -3.005600272800000046e-05 -8.935234692798373101e-06 -1.849780826624911607e-05 6.476582880140000853e-05
6.000100000000000364e+03 -1.262684551382179072e-05 -4.570934308999999898e-05 2.962607927766600262e-05 3.981873098539454676e-05 1.287518517246000291e-04
6.500100000000000364e+03 -7.165274326377963962e-06 2.633770681499999756e-05 2.682714496889258875e-05 -2.782173075374403206e-05 7.057747315514998742e-05
7.000100000000000364e+03 1.761302435321396677e-05 4.409074599999999360e-05 -8.816024411818600267e-06 -7.871031833509394547e-05 6.074032437755000558e-05
7.500100000000000364e+03 -3.543254435331947568e-06 7.506726920000000725e-06 -1.104316071684000406e-05 -1.070338400270590040e-05 8.480318240470000827e-05
8.000100000000000364e+03 3.247459085352899375e-05 1.373346760000000060e-04 -2.474276130874199442e-05 1.253062008763699772e-04 1.789874560532500136e-04
9.000100000000000364e+03 2.590948214097095882e-05 6.126329460000000675e-05 7.008620480009973683e-06 6.987732890078998053e-05 1.701371089227499708e-04
1.000010000000000036e+04 -3.226733873163499370e-05 5.854083540000000252e-05 -1.651128353081749518e-05 3.808986176758109008e-05 2.629617809349387640e-04
1.200010000000000036e+04 -1.950912538162454595e-05 -1.338484251999999854e-05 -3.385424318370334381e-06 -1.497696013638607185e-05 -2.338466687641124511e-05
1.400010000000000036e+04 -5.069419422989947366e-06 2.540315086999999917e-05 -6.712485094747915049e-05 1.284643529350349930e-04 -5.184059910564624220e-06
1.600010000000000036e+04 3.481741932178700356e-06 1.327968523999999907e-05 3.861336252224647272e-05 4.153678504729499681e-05 4.257710128697462571e-05
1.800009999999999854e+04 4.834748285585749737e-06 -7.296634636999999911e-06 -2.061654978323949322e-05 2.923670950193996306e-05 -8.395873961652499209e-05
2.000009999999999854e+04 4.003829996012501515e-05 1.095950847999999757e-05 -3.224524344160128282e-05 7.649951690607405621e-05 7.333452195578299719e-05
2.200009999999999854e+04 3.092093560202704072e-05 -3.018371430000000354e-05 3.917583202900426422e-05 1.913876641164105556e-05 -3.976893206830800189e-05
2.400009999999999854e+04 5.184492870780550019e-06 4.913022356999999566e-05 2.451695770633600924e-05 -5.565568253668184452e-05 1.507585139329165432e-06
3.000009999999999854e+04 4.919715549714941611e-06 1.086565028999999887e-04 -2.946767169731802030e-05 1.503886460282460123e-05 1.631354202635630342e-04
3.500009999999999854e+04 2.158595028020010025e-06 6.902178890000000208e-05 1.062577869969260112e-04 1.135491808505459273e-05 3.567156790581199448e-05
4.000009999999999854e+04 -1.424807353297313172e-05 1.077832565999999775e-04 8.222558773270241062e-05 2.828091898765742302e-05 1.257126612097412210e-04
4.500009999999999854e+04 4.967967848951125631e-06 -9.054189779999998567e-06 5.017145232158982205e-05 -6.737678042194646794e-05 -2.068370298800420223e-05
5.000009999999999854e+04 -4.444439576578901865e-06 -4.282585757000000195e-05 2.344553557479328522e-05 1.078413266149538325e-04 2.172632606564867206e-05
6.000009999999999854e+04 3.872108103000692042e-06 2.735394828000000230e-05 6.076766504268059620e-05 -2.127485292579081328e-05 -4.187497915142720107e-05
7.000010000000000582e+04 3.155500555668588799e-05 -1.718128336999999805e-05 5.263625712434310026e-05 8.211249121485652647e-05 1.228656671901399923e-04
8.000010000000000582e+04 1.634774591527781833e-05 -2.541888548999999867e-05 3.903933268338107758e-05 -2.217477539892588894e-05 5.654991705260749377e-05
9.000010000000000582e+04 8.311015539556856679e-06 7.134712039999999437e-05 -1.019599947498440377e-05 -1.690049706763653368e-06 1.600596881913249651e-05
1.000001000000000058e+05 -3.072321958711788501e-06 1.147376451000000885e-06 -2.981601821067408179e-05 8.062144722768348844e-05 5.335797338060995111e-05
2.000001000000000058e+05 1.740786207128820970e-05 -2.881957643000000128e-05 -6.577290957067408899e-05 7.704913072768350727e-05 1.225902173606099833e-04
